[Normal]
; This region info generated by Winamp region.txt generator which is made by Maxim.
; http://winamp.mwos.cjb.net
; Note to skin authors: You can remove these comments so long as you leave one copy of the two lines above.
NumPoints=4,4,4,4,4,4,4,4,4,4,4,4,4,4,4,4,4,4,4,4,4,4,4,4,4,4,4,4,4,4,4,4,4,4,4,4,4,4,4,4,4,4,4,4,4,4,4,4,4,4,4,4,4,4,4,4,4,4,4,4,4,4,4,4,4,4,4,4,4,4,4,4,4,4,4,4,4,4,4,4,4,4,4,4,4,4,4,4,4,4,4,4,4,4,4,4,4,4,4,4,4,4,4,4,4,4,4,4,4,4,4,4,4,4,4,4,4,4,4,4,4,4,4,4,4,4,4,4,4,4,4,4,4,4,4,4,4,4,4,4,4,4,4,4,4,4,4,4,4,4,4,4,4,4,4,4,4,4,4,4,4,4,4,4
PointList=114,0 120,0 120,15 114,15 122,0 127,0 127,15 122,15 127,0 128,0 128,2 127,2 130,0 136,0 136,15 130,15 138,0 144,0 144,15 138,15 146,0 152,0 152,15 146,15 154,0 160,0 160,7 154,7 113,1 120,1 120,15 113,15 121,1 127,1 127,15 121,15 129,1 136,1 136,15 129,15 137,1 144,1 144,15 137,15 145,1 152,1 152,15 145,15 153,1 160,1 160,7 153,7 112,2 120,2 120,15 112,15 120,2 127,2 127,5 120,5 128,2 159,2 159,15 128,15 267,2 270,2 270,15 267,15 271,2 274,2 274,5 271,5 10,3 13,3 13,6 10,6 259,3 262,3 262,15 259,15 266,3 273,3 273,13 266,13 8,4 12,4 12,10 8,10 247,4 253,4 253,15 247,15 253,4 255,4 255,6 253,6 258,4 263,4 263,15 258,15 265,4 273,4 273,13 265,13 7,5 12,5 12,10 7,10 246,5 253,5 253,15 246,15 257,5 271,5 271,15 257,15 6,6 12,6 12,8 6,8 245,6 253,6 253,15 245,15 253,6 254,6 254,7 253,7 256,6 271,6 271,15 256,15 273,6 274,6 274,12 273,12 12,7 13,7 13,9 12,9 244,7 253,7 253,15 244,15 255,7 271,7 271,15 255,15 20,8 271,8 271,15 20,15 274,8 275,8 275,11 274,11 6,9 9,9 9,12 6,12 19,9 271,9 271,15 19,15 9,10 11,10 11,11 9,11 18,10 271,10 271,15 18,15 17,11 23,11 23,82 17,82 13,12 23,12 23,82 13,82 12,13 23,13 23,82 12,82 271,13 272,13 272,14 271,14 11,14 23,14 23,82 11,82 10,15 23,15 23,82 10,82 9,16 23,16 23,82 9,82 112,20 268,20 268,35 112,35 268,20 272,20 272,31 268,31 111,21 268,21 268,35 111,35 110,22 268,22 268,35 110,35 109,23 268,23 268,35 109,35 108,24 268,24 268,35 108,35 23,27 36,27 36,99 23,99 51,27 58,27 58,99 51,99 63,27 70,27 70,99 63,99 74,27 78,27 78,101 74,101 81,27 88,27 88,99 81,99 93,27 100,27 100,104 93,104 50,28 58,28 58,99 50,99 62,28 70,28 70,99 62,99 73,28 78,28 78,101 73,101 80,28 88,28 88,99 80,99 92,28 100,28 100,104 92,104 49,29 58,29 58,99 49,99 61,29 70,29 70,99 61,99 72,29 78,29 78,101 72,101 79,29 88,29 88,99 79,99 91,29 100,29 100,104 91,104 39,30 44,30 44,99 39,99 44,30 46,30 46,33 44,33 48,30 58,30 58,99 48,99 60,30 70,30 70,99 60,99 71,30 88,30 88,99 71,99 90,30 100,30 100,104 90,104 38,31 44,31 44,99 38,99 47,31 58,31 58,99 47,99 59,31 88,31 88,99 59,99 89,31 100,31 100,104 89,104 268,31 270,31 270,33 268,33 270,31 271,31 271,32 270,32 37,32 44,32 44,99 37,99 36,33 44,33 44,99 36,99 44,33 45,33 45,34 44,34 268,33 269,33 269,34 268,34 44,35 107,35 107,99 44,99 112,36 219,36 219,99 112,99 219,36 267,36 267,82 219,82 267,36 271,36 271,78 267,78 111,37 219,37 219,99 111,99 110,38 219,38 219,99 110,99 109,39 219,39 219,99 109,99 108,40 219,40 219,99 108,99 107,54 219,54 219,99 107,99 267,78 269,78 269,80 267,80 269,78 270,78 270,79 269,79 267,80 268,80 268,81 267,81 22,82 219,82 219,99 22,99 232,82 235,82 235,89 232,89 21,83 219,83 219,99 21,99 231,83 236,83 236,88 231,88 20,84 219,84 219,99 20,99 224,84 233,84 233,97 224,97 236,84 237,84 237,87 236,87 19,85 219,85 219,99 19,99 223,85 233,85 233,97 223,97 237,85 238,85 238,86 237,86 18,86 219,86 219,99 18,99 222,86 233,86 233,97 222,97 221,87 233,87 233,91 221,91 258,87 262,87 262,102 258,102 262,87 263,87 263,90 262,90 220,88 233,88 233,91 220,91 257,88 262,88 262,102 257,102 233,89 234,89 234,90 233,90 256,89 262,89 262,102 256,102 255,90 262,90 262,94 255,94 233,91 236,91 236,94 233,94 262,91 263,91 263,107 262,107 264,91 268,91 268,98 264,98 221,92 231,92 231,99 221,99 263,92 269,92 269,98 263,98 220,93 231,93 231,99 220,99 269,93 270,93 270,99 269,99 219,94 231,94 231,99 219,99 233,94 235,94 235,95 233,95 270,94 271,94 271,99 270,99 233,95 234,95 234,96 233,96 251,95 254,95 254,100 251,100 255,95 266,95 266,102 255,102 254,96 266,96 266,102 254,102 231,97 232,97 232,98 231,98 266,98 267,98 267,99 266,99 268,98 271,98 271,99 268,99 67,99 81,99 81,101 67,101 81,99 82,99 82,100 81,100 100,99 104,99 104,103 100,103 104,99 106,99 106,101 104,101 106,99 107,99 107,100 106,100 142,99 156,99 156,104 142,104 156,99 159,99 159,101 156,101 159,99 160,99 160,100 159,100 170,99 207,99 207,102 170,102 207,99 209,99 209,100 207,100 222,99 230,99 230,100 222,100 207,100 208,100 208,101 207,101 252,100 267,100 267,101 252,101 104,101 105,101 105,102 104,102 156,101 158,101 158,102 156,102 253,101 267,101 267,102 253,102 156,102 157,102 157,103 156,103 178,102 188,102 188,103 178,103 196,102 206,102 206,103 196,103 254,102 258,102 258,103 254,103 259,102 267,102 267,103 259,103 100,103 103,103 103,104 100,104 260,103 264,103 264,107 260,107 264,103 266,103 266,105 264,105 266,103 267,103 267,104 266,104 259,104 264,104 264,107 259,107 264,105 265,105 265,106 264,106

[WindowShade]

NumPoints=4,4,4,4,4,4,4,4,4,4,4,4,4,4,4,4,4,4,4,4,4,4,4,4,4,4,4,4,4,4,4,4,4,4,4,4,4,4,4,4,4,4,4,4,4,4
PointList=20,0 25,0 25,13 20,13 26,0 31,0 31,13 26,13 32,0 37,0 37,13 32,13 38,0 43,0 43,13 38,13 44,0 49,0 49,13 44,13 50,0 55,0 55,7 50,7 78,0 120,0 120,12 78,12 120,0 122,0 122,10 120,10 125,0 161,0 161,12 125,12 170,0 225,0 225,14 170,14 19,1 54,1 54,13 19,13 77,1 120,1 120,12 77,12 124,1 161,1 161,12 124,12 169,1 225,1 225,14 169,14 18,2 54,2 54,13 18,13 76,2 120,2 120,12 76,12 168,2 225,2 225,14 168,14 267,2 270,2 270,14 267,14 271,2 274,2 274,5 271,5 10,3 13,3 13,9 10,9 167,3 225,3 225,14 167,14 257,3 263,3 263,14 257,14 266,3 273,3 273,13 266,13 8,4 13,4 13,9 8,9 247,4 254,4 254,14 247,14 254,4 255,4 255,5 254,5 256,4 263,4 263,14 256,14 265,4 273,4 273,13 265,13 7,5 12,5 12,10 7,10 246,5 254,5 254,14 246,14 255,5 263,5 263,14 255,14 264,5 273,5 273,13 264,13 6,6 11,6 11,11 6,11 245,6 272,6 272,14 245,14 273,6 274,6 274,12 273,12 244,7 272,7 272,14 244,14 16,8 76,8 76,13 16,13 163,8 272,8 272,14 163,14 274,8 275,8 275,11 274,11 15,9 76,9 76,13 15,13 162,9 272,9 272,14 162,14 14,10 76,10 76,13 14,13 120,10 121,10 121,11 120,11 161,10 272,10 272,14 161,14 6,11 9,11 9,12 6,12 160,12 272,12 272,14 160,14


[Equalizer]

NumPoints=4,4,4,4,4,4,4,4,4,4,4,4,4,4,4,4,4,4,4,4,4,4,4,4,4,4,4,4,4,4,4,4,4,4,4,4,4,4,4,4,4,4,4,4,4,4,4,4,4,4,4,4,4,4,4,4,4,4,4,4,4,4,4,4,4,4,4,4,4,4,4,4,4,4,4,4,4,4,4,4
PointList=101,0 105,0 105,106 101,106 105,0 107,0 107,2 105,2 109,0 115,0 115,46 109,46 117,0 123,0 123,106 117,106 125,0 131,0 131,46 125,46 133,0 137,0 137,106 133,106 141,0 146,0 146,106 141,106 146,0 147,0 147,2 146,2 149,0 154,0 154,46 149,46 154,0 155,0 155,4 154,4 157,0 161,0 161,106 157,106 161,0 163,0 163,2 161,2 165,0 171,0 171,46 165,46 100,1 105,1 105,106 100,106 108,1 115,1 115,46 108,46 116,1 123,1 123,106 116,106 124,1 131,1 131,46 124,46 132,1 137,1 137,106 132,106 140,1 146,1 146,106 140,106 148,1 154,1 154,46 148,46 156,1 161,1 161,106 156,106 164,1 171,1 171,46 164,46 99,2 105,2 105,106 99,106 105,2 106,2 106,3 105,3 107,2 137,2 137,46 107,46 139,2 146,2 146,5 139,5 147,2 154,2 154,5 147,5 155,2 161,2 161,106 155,106 161,2 162,2 162,3 161,3 163,2 171,2 171,46 163,46 267,2 270,2 270,15 267,15 271,2 274,2 274,12 271,12 259,3 262,3 262,105 259,105 266,3 274,3 274,12 266,12 105,4 137,4 137,7 105,7 161,4 171,4 171,7 161,7 258,4 263,4 263,104 258,104 265,4 274,4 274,12 265,12 257,5 271,5 271,15 257,15 256,6 271,6 271,15 256,15 105,7 106,7 106,106 105,106 161,7 162,7 162,106 161,106 255,7 265,7 265,46 255,46 274,7 275,7 275,11 274,11 13,8 271,8 271,15 13,15 12,9 271,9 271,15 12,15 11,10 271,10 271,15 11,15 10,11 16,11 16,106 10,106 9,12 16,12 16,106 9,106 271,12 273,12 273,13 271,13 271,13 272,13 272,14 271,14 83,15 265,15 265,46 83,46 16,18 265,18 265,46 16,46 16,46 18,46 18,106 16,106 21,46 42,46 42,106 21,106 42,46 93,46 93,48 42,48 96,46 111,46 111,106 96,106 114,46 129,46 129,106 114,106 137,46 147,46 147,106 137,106 150,46 165,46 165,106 150,106 168,46 183,46 183,106 168,106 186,46 201,46 201,106 186,106 204,46 219,46 219,106 204,106 222,46 237,46 237,106 222,106 240,46 255,46 255,106 240,106 263,46 265,46 265,102 263,102 50,48 64,48 64,50 50,50 72,48 93,48 93,106 72,106 53,50 61,50 61,106 53,106 52,61 62,61 62,78 52,78 51,62 63,62 63,77 51,77 50,63 64,63 64,76 50,76 49,64 65,64 65,75 49,75 18,65 42,65 42,74 18,74 93,65 265,65 265,74 93,74 42,66 265,66 265,73 42,73 50,89 64,89 64,106 50,106 42,91 93,91 93,106 42,106 18,93 261,93 261,106 18,106 263,102 264,102 264,103 263,103

[EqualizerWS]

NumPoints=4,4,4,4,4,4,4,4,4,4,4,4,4,4,4,4,4,4,4,4,4,4,4,4,4,4,4,4,4,4,4
PointList=13,0 185,0 185,6 13,6 192,0 214,0 214,14 192,14 214,0 215,0 215,1 214,1 12,1 214,1 214,6 12,6 11,2 223,2 223,6 11,6 225,2 246,2 246,14 225,14 267,2 270,2 270,14 267,14 271,2 274,2 274,5 271,5 10,3 223,3 223,6 10,6 224,3 246,3 246,14 224,14 257,3 262,3 262,14 257,14 262,3 263,3 263,7 262,7 266,3 273,3 273,13 266,13 9,4 246,4 246,6 9,6 256,4 262,4 262,14 256,14 265,4 273,4 273,13 265,13 8,5 246,5 246,6 8,6 255,5 262,5 262,14 255,14 264,5 273,5 273,13 264,13 28,6 246,6 246,8 28,8 254,6 262,6 262,14 254,14 263,6 272,6 272,14 263,14 273,6 274,6 274,12 273,12 253,7 262,7 262,14 253,14 29,8 275,8 275,9 29,9 30,9 275,9 275,10 30,10 31,10 62,10 62,11 31,11 93,10 274,10 274,12 93,12 274,10 275,10 275,11 274,11 32,11 61,11 61,12 32,12 124,12 272,12 272,14 124,14
