[Normal]
NumPoints=28
PointList=3,0, 48,0, 48,1, 226,1, 226,0, 272,0, ,275,3, 275,29, 273,31, 273,84, 275,86, 275,110, 272,113, 265,113, 265,116, 226,116, 226,113, 49,113, 49,116, 10,116, 10,113, 3,113, 0,110, 0,86, 2,84, 2,31, 0,29, 0,3,

[Equalizer]
NumPoints=28
PointList=3,0, 48,0, 48,1, 226,1, 226,0, 272,0, ,275,3, 275,29, 273,31, 273,84, 275,86, 275,110, 272,113, 265,113, 265,116, 226,116, 226,113, 49,113, 49,116, 10,116, 10,113, 3,113, 0,110, 0,86, 2,84, 2,31, 0,29, 0,3,

//[Equalizer] (sin las esquinas redondeadas/without round corners)
NumPoints=24
PointList=0,0, 48,0, 48,2, 226,2, 226,0, 275,0, 275,29, 273,29, 273,86, 275,86, 275,113, 265,113, 265,116, 226,116, 226,113, 49,113, 49,116, 10,116, 10,113, 0,113, 0,86, 2,86, 2,29, 0,29

[WindowShade]
Numpoints=4,4,4,4,4
PointList=0,0,0,14,79,14,79,0,79,1,118,1,118,13,79,13,118,0,125,0,125,14,118,14,125,1,157,1,157,13,125,13,157,0,275,0,275,14,157,14